[gd_scene load_steps=4 format=2]

[ext_resource path="res://Spatial.tscn" type="PackedScene" id=1]
[ext_resource path="res://Models/OBJ format/computerScreen.obj" type="ArrayMesh" id=2]

[sub_resource type="BoxShape" id=1]
extents = Vector3( 0.174292, 0.153311, 0.0750277 )

[node name="Spatial" index="0" instance=ExtResource( 1 )]

[node name="wall2" parent="StaticBody" index="1"]
transform = Transform( 1, 0, 0, 0, 1, 0, 0, 0, 1, 0.169595, 0.204841, -0.402292 )

[node name="StaticBody238" parent="." index="63"]
transform = Transform( 1, 0, 0, 0, 0.951239, -0.308456, 0, 0.308456, 0.951239, -17.889, 2.76264, -4.80535 )

[node name="computerScreen" type="MeshInstance" parent="StaticBody238" index="1"]
transform = Transform( 1, 0, 0, 0, 0.951239, 0.308456, 0, -0.308456, 0.951239, 0.0992908, -0.143711, 0.0341668 )
mesh = ExtResource( 2 )
material/0 = null
material/1 = null
material/2 = null
material/3 = null

[node name="CollisionShape" parent="StaticBody238" index="2"]
transform = Transform( 0.999998, -0.00193675, 0.000605055, 0.00170508, 0.963742, 0.266829, -0.00109991, -0.266828, 0.963744, -0.119795, 0, 0 )
shape = SubResource( 1 )

[node name="StaticBody265" parent="." index="79"]
transform = Transform( 4.6782, 0.00341171, -0.605605, -0.0138093, 1.15639, 0.00181634, -0.0866524, -9.58413e-05, 0.357368, -1.15687, -0.0141016, 21.0097 )

[node name="StaticBody177" parent="." index="206"]
transform = Transform( 1, 0, 0, 0, 1, 0, 0, 0, 1, 1, 0, 0.192027 )
